4.23330316882392e-08
1.31631249942979e-06
2.48575514203971e-05
0.000264245671868907
0.00120807908968112
0.00277588486129407
0.0448194096374741
0.159164853761006
0.240953887250144
0.124658876771036
0
0.138827925219708
0.308925681139071
0.255722809203769
0.111514900687336
0.0287357865622159
0.0046267284582212
0.000478279860426769
3.21602492389124e-05
1.41720546160293e-06
4.11047221772567e-08
4.11047221772572e-08
1.41720546160293e-06
3.21602492389124e-05
0.000478279860426769
0.0046267284582212
0.0287357865622159
0.111514900687336
0.255722809203769
0.308925681139071
0.138827925219708
0
0.124658876771036
0.240953887250144
0.159164853761006
0.044819409637474
0.0027758848612941
0.00120807908968112
0.000264245671868907
2.48575514203971e-05
1.31631249942979e-06
4.23330316882406e-08
4.02438351707423e-08
1.39354258880743e-06
3.17281935862561e-05
0.000471495055366128
0.00452565967882228
0.0276188192427133
0.104518786749553
0.234418181814797
0.280783678256063
0.128162403828964
0
0.133690265970326
0.303269120410141
0.258561347276289
0.11543990709009
0.0297618516648121
0.00459380176809367
0.000427721161764414
2.35654104855651e-05
7.11301114980642e-07
8.01375210183791e-09
4.00818471740362e-08
1.37787436533188e-06
3.11792267518366e-05
0.000461347107629842
0.00442043552473977
0.0270155019030526
0.102653838651421
0.23113007588463
0.277012180901758
0.125726166343991
0
0.126156098672923
0.27938070507585
0.235086550993698
0.105823464633497
0.0284091770318686
0.00477502269223335
0.000512431644635923
3.53359703290567e-05
1.5682330780072e-06
4.47141953414959e-08
4.10353295425593e-08
1.40903598051746e-06
3.17625687200167e-05
0.000467252504106724
0.00444535789571476
0.0269608920073813
0.101686031003131
0.227464626420696
0.271298136317493
0.122825156239877
0
0.123758860849443
0.275234033159708
0.232005212906213
0.104047040700264
0.027595921464101
0.00453662789791631
0.000474766224602991
3.21860946668383e-05
1.43068564628883e-06
4.2069525274045e-08
4.20695252740446e-08
1.43068564628883e-06
3.21860946668383e-05
0.000474766224602991
0.00453662789791631
0.027595921464101
0.104047040700264
0.232005212906213
0.275234033159708
0.123758860849443
0
0.122825156239877
0.271298136317493
0.227464626420696
0.101686031003131
0.0269608920073813
0.00444535789571476
0.000467252504106724
3.17625687200167e-05
1.40903598051746e-06
4.10353295425588e-08
4.4714195341495e-08
1.5682330780072e-06
3.53359703290567e-05
0.000512431644635923
0.00477502269223335
0.0284091770318686
0.105823464633497
0.235086550993698
0.27938070507585
0.126156098672923
0
0.125726166343991
0.277012180901758
0.23113007588463
0.102653838651421
0.0270155019030526
0.00442043552473977
0.000461347107629842
3.11792267518366e-05
1.37787436533188e-06
4.00818471740345e-08
8.01375210183691e-09
7.11301114980641e-07
2.35654104855651e-05
0.000427721161764414
0.00459380176809367
0.0297618516648121
0.11543990709009
0.258561347276289
0.303269120410141
0.133690265970326
0
0.128162403828964
0.280783678256063
0.234418181814797
0.104518786749553
0.0276188192427133
0.00452565967882228
0.000471495055366128
3.17281935862561e-05
1.39354258880743e-06
4.02438351707412e-08
4.23330316882392e-08
1.31631249942979e-06
2.48575514203971e-05
0.000264245671868907
0.00120807908968112
0.00277588486129407
0.0448194096374741
0.159164853761006
0.240953887250144
0.124658876771036
0
0.138827925219708
0.308925681139071
0.255722809203769
0.111514900687336
0.0287357865622159
0.0046267284582212
0.000478279860426769
3.21602492389124e-05
1.41720546160293e-06
4.11047221772567e-08
4.11047221772572e-08
1.41720546160293e-06
3.21602492389124e-05
0.000478279860426769
0.0046267284582212
0.0287357865622159
0.111514900687336
0.255722809203769
0.308925681139071
0.138827925219708
0
0.124658876771036
0.240953887250144
0.159164853761006
0.044819409637474
0.0027758848612941
0.00120807908968112
0.000264245671868907
2.48575514203971e-05
1.31631249942979e-06
4.23330316882406e-08
