0
2.61716285037606e-06
1.67298637465704e-05
0.00039799815847744
0.00142295049117439
0.0256334618610906
0.0790679203062861
0.17710137715072
0.233547368456934
0.0968957857146905
0.00704196041811737
0.174555969482769
0.30157163850633
0.224265970172862
0.0923077986219735
0.0226957491430487
0.00359628088865746
0.000382257269551851
2.72823722310306e-05
1.06048278701087e-06
7.16376186088595e-21
0
1.06048278701087e-06
2.72823722310306e-05
0.000382257269551852
0.00359628088865747
0.0226957491430487
0.0923077986219736
0.224265970172862
0.30157163850633
0.174555969482769
0.00704196041811736
0.0968957857146904
0.233547368456934
0.17710137715072
0.0790679203062862
0.0256334618610906
0.0014229504911744
0.000397998158477441
1.67298637465705e-05
2.61716285037606e-06
3.86309859312108e-20
0
2.52592101650047e-06
3.51860341049158e-05
0.000475203857389285
0.00423387697021914
0.0245171516424119
0.0922280180619019
0.216103931943293
0.277490423653855
0.144175700449255
0.00217395738956885
0.104290170101525
0.257759824824839
0.190860944841784
0.0597090842106404
0.0144569680798559
0.00137322984563563
0.000381811336810319
1.89973792282254e-05
4.61373378832643e-07
-4.59824139075575e-20
0
-1.46660150158205e-06
4.60010177319786e-05
0.000598134206352417
0.00506564257240471
0.0288321322436679
0.103681062087981
0.226491237949076
0.278591745001985
0.14335342032871
0.00201168639027668
0.107455793343677
0.285980069649321
0.2565658690317
0.0982273690519044
0.0100360063489891
0.000196054618046114
0.000524009692379546
-8.63635589106966e-06
1.09899201535467e-05
2.46905565864027e-20
0
7.76875998449653e-06
3.28813579204768e-05
0.000620022584273834
0.00606656344603804
0.032024927028309
0.109334973449511
0.232332669545858
0.269855414088534
0.12409844062335
0.000286371840797106
0.111361339647052
0.273366107125844
0.258873805075837
0.133808435059041
0.0381489865647017
0.0051053193999714
0.000547684641081194
-5.2536948311762e-06
2.00060539320129e-05
5.28082416617753e-21
0
2.0006053932013e-05
-5.25369483117633e-06
0.000547684641081194
0.0051053193999714
0.0381489865647017
0.133808435059041
0.258873805075837
0.273366107125844
0.111361339647052
0.000286371840797127
0.12409844062335
0.269855414088534
0.232332669545857
0.109334973449511
0.032024927028309
0.00606656344603803
0.000620022584273834
3.28813579204768e-05
7.76875998449652e-06
-8.77079981015399e-21
0
1.09899201535468e-05
-8.63635589106993e-06
0.000524009692379546
0.000196054618046108
0.0100360063489891
0.0982273690519044
0.256565869031699
0.285980069649321
0.107455793343677
0.0020116863902767
0.14335342032871
0.278591745001985
0.226491237949075
0.103681062087981
0.0288321322436678
0.0050656425724047
0.000598134206352416
4.60010177319785e-05
-1.46660150158202e-06
1.22964162384559e-21
0
4.6137337883267e-07
1.89973792282254e-05
0.000381811336810318
0.00137322984563562
0.0144569680798559
0.0597090842106404
0.190860944841784
0.257759824824839
0.104290170101525
0.00217395738956887
0.144175700449255
0.277490423653855
0.216103931943293
0.0922280180619018
0.0245171516424119
0.00423387697021913
0.000475203857389283
3.51860341049157e-05
2.52592101650048e-06
-4.37766825483872e-21
0
2.61716285037606e-06
1.67298637465704e-05
0.00039799815847744
0.00142295049117439
0.0256334618610906
0.0790679203062861
0.17710137715072
0.233547368456934
0.0968957857146905
0.00704196041811737
0.174555969482769
0.30157163850633
0.224265970172862
0.0923077986219735
0.0226957491430487
0.00359628088865746
0.000382257269551851
2.72823722310306e-05
1.06048278701087e-06
7.16376186088595e-21
0
1.06048278701087e-06
2.72823722310306e-05
0.000382257269551852
0.00359628088865747
0.0226957491430487
0.0923077986219736
0.224265970172862
0.30157163850633
0.174555969482769
0.00704196041811736
0.0968957857146904
0.233547368456934
0.17710137715072
0.0790679203062862
0.0256334618610906
0.0014229504911744
0.000397998158477441
1.67298637465705e-05
2.61716285037606e-06
3.86309859312108e-20
